933000320045880
933000320045887
933000320045888
933000320045892
933000320045893
933000320045897
933000320045899
933000320046052
933000320046053
933000320046055
933000320046057
933000320046059
933000320046070
933000320046179
933000320046190
933000320046254
933000320046255
933000320046260
933000320046265
933000320046266
933000320046268
933000320046275
933000320045877
933000320045878
933000320045883
933000320045885
933000320045886
933000320045891
933000320045894
933000320045898
933000320045900
933000320045901
933000320045903
933000320045907
933000320045910
933000320045911
933000320045912
933000320045918
933000320045921
933000320046051
933000320046056
933000320046060
933000320046062
933000320046065
933000320046067
933000320046072
933000320046074
933000320046075
933000320046182
933000320046184
933000320046188
933000320046251
933000320046252
933000320046253
933000320046256
933000320046257
933000320046258
933000320046263
933000320046267
933000320046269
933000320046270
933000320046274
933000320046276
933000320046282
